   35.7222    2.0000
   35.9444    2.0000
   36.0556    2.0000
   36.1111    2.0000
   36.1667    2.0000
   36.1667    2.0000
   36.1667    2.0000
   36.2222    2.0000
   36.2778    2.0000
   36.3333    2.0000
   36.3333    2.0000
   36.3333    2.0000
   36.3333    2.0000
   36.3889    2.0000
   36.3889    2.0000
   36.4444    2.0000
   36.4444    2.0000
   36.4444    2.0000
   36.5000    2.0000
   36.5556    2.0000
   36.5556    2.0000
   36.5556    2.0000
   36.5556    2.0000
   36.6111    2.0000
   36.6111    2.0000
   36.6667    2.0000
   36.6667    2.0000
   36.6667    2.0000
   36.6667    2.0000
   36.6667    2.0000
   36.6667    2.0000
   36.7222    2.0000
   36.7222    2.0000
   36.7778    2.0000
   36.7778    2.0000
   36.7778    2.0000
   36.7778    2.0000
   36.8333    2.0000
   36.8333    2.0000
   36.8889    2.0000
   36.8889    2.0000
   36.8889    2.0000
   36.8889    2.0000
   36.9444    2.0000
   36.9444    2.0000
   37.0000    2.0000
   37.0000    2.0000
   37.0000    2.0000
   37.0000    2.0000
   37.0000    2.0000
   37.0000    2.0000
   37.0556    2.0000
   37.0556    2.0000
   37.1111    2.0000
   37.1111    2.0000
   37.1111    2.0000
   37.1667    2.0000
   37.2222    2.0000
   37.2222    2.0000
   37.2222    2.0000
   37.2778    2.0000
   37.3333    2.0000
   37.3889    2.0000
   37.4444    2.0000
   37.5000    2.0000
   35.7778    1.0000
   35.9444    1.0000
   36.0000    1.0000
   36.2222    1.0000
   36.2222    1.0000
   36.3333    1.0000
   36.4444    1.0000
   36.5000    1.0000
   36.5000    1.0000
   36.5556    1.0000
   36.5556    1.0000
   36.5556    1.0000
   36.6111    1.0000
   36.6111    1.0000
   36.6111    1.0000
   36.6667    1.0000
   36.6667    1.0000
   36.6667    1.0000
   36.6667    1.0000
   36.6667    1.0000
   36.7222    1.0000
   36.7778    1.0000
   36.7778    1.0000
   36.7778    1.0000
   36.7778    1.0000
   36.7778    1.0000
   36.7778    1.0000
   36.8333    1.0000
   36.8333    1.0000
   36.8333    1.0000
   36.8889    1.0000
   36.8889    1.0000
   36.8889    1.0000
   36.8889    1.0000
   36.8889    1.0000
   36.9444    1.0000
   37.0000    1.0000
   37.0000    1.0000
   37.0000    1.0000
   37.0000    1.0000
   37.0556    1.0000
   37.0556    1.0000
   37.0556    1.0000
   37.0556    1.0000
   37.0556    1.0000
   37.0556    1.0000
   37.1111    1.0000
   37.1111    1.0000
   37.1111    1.0000
   37.1111    1.0000
   37.1111    1.0000
   37.1111    1.0000
   37.1111    1.0000
   37.1667    1.0000
   37.2222    1.0000
   37.2222    1.0000
   37.2778    1.0000
   37.2778    1.0000
   37.3333    1.0000
   37.3333    1.0000
   37.3889    1.0000
   37.4444    1.0000
   37.7222    1.0000
   37.7778    1.0000
   38.2222    1.0000